4.473880529403686523e-01 5.405980944633483887e-01
4.437483549118041992e-01 5.457692146301269531e-01
4.401353597640991211e-01 5.508719086647033691e-01
4.365497231483459473e-01 5.559085607528686523e-01
4.329919815063476562e-01 5.608817934989929199e-01
4.294625818729400635e-01 5.657939314842224121e-01
4.259620308876037598e-01 5.706474781036376953e-01
4.224907159805297852e-01 5.754448175430297852e-01
4.190489947795867920e-01 5.801883935928344727e-01
4.156372547149658203e-01 5.848805904388427734e-01
4.122557640075683594e-01 5.895238518714904785e-01
4.089047908782958984e-01 5.941204428672790527e-01
4.055846333503723145e-01 5.986727476119995117e-01
4.022953510284423828e-01 6.031831502914428711e-01
3.990371823310852051e-01 6.076539158821105957e-01
3.958101868629455566e-01 6.120873689651489258e-01
3.926144540309906006e-01 6.164858937263488770e-01
3.894499838352203369e-01 6.208516955375671387e-01
3.863168060779571533e-01 6.251870393753051758e-01
3.832148611545562744e-01 6.294941902160644531e-01
3.801440894603729248e-01 6.337754130363464355e-01
3.771043121814727783e-01 6.380329132080078125e-01
3.740953803062438965e-01 6.422688961029052734e-01
3.711171448230743408e-01 6.464855074882507324e-01
3.681693077087402344e-01 6.506850719451904297e-01
3.652515411376953125e-01 6.548696160316467285e-01
3.623636364936828613e-01 6.590413451194763184e-01
3.595052063465118408e-01 6.632024049758911133e-01
3.566758036613464355e-01 6.673549413681030273e-01
3.538750410079956055e-01 6.715010404586791992e-01
3.511024117469787598e-01 6.756427884101867676e-01
3.483574092388153076e-01 6.797823309898376465e-01
3.456394970417022705e-01 6.839216351509094238e-01
3.429480791091918945e-01 6.880627870559692383e-01
3.402825295925140381e-01 6.922079324722290039e-01
3.376421630382537842e-01 6.963589191436767578e-01
3.350262939929962158e-01 7.005178928375244141e-01
3.324341773986816406e-01 7.046867609024047852e-01
3.298650085926055908e-01 7.088676095008850098e-01
3.273179531097412109e-01 7.130623459815979004e-01
3.247921764850616455e-01 7.172728776931762695e-01
3.222867846488952637e-01 7.215012311935424805e-01
3.198007941246032715e-01 7.257493138313293457e-01
3.173332810401916504e-01 7.300189733505249023e-01
3.148832023143768311e-01 7.343121767044067383e-01
3.124495148658752441e-01 7.386307716369628906e-01
3.100310862064361572e-01 7.429766058921813965e-01
3.076267838478088379e-01 7.473515868186950684e-01
3.052355051040649414e-01 7.517575025558471680e-01
3.028559684753417969e-01 7.561962604522705078e-01
3.004869520664215088e-01 7.606695890426635742e-01
2.981271445751190186e-01 7.651792764663696289e-01
2.957752346992492676e-01 7.697271704673767090e-01
2.934298813343048096e-01 7.743149995803833008e-01
2.910896241664886475e-01 7.789445519447326660e-01
2.887530624866485596e-01 7.836174964904785156e-01
2.864187061786651611e-01 7.883356213569641113e-01
2.840850055217742920e-01 7.931006550788879395e-01
2.817504405975341797e-01 7.979142069816589355e-01
2.794192731380462646e-01 8.027685880661010742e-01
2.770996093750000000e-01 8.076529502868652344e-01
2.747905850410461426e-01 8.125672936439514160e-01
2.724923193454742432e-01 8.175114393234252930e-01
2.702048718929290771e-01 8.224850296974182129e-01
2.679283618927001953e-01 8.274877667427062988e-01
2.656628489494323730e-01 8.325194716453552246e-01
2.634083926677703857e-01 8.375800251960754395e-01
2.611650824546813965e-01 8.426691889762878418e-01
2.589329779148101807e-01 8.477869629859924316e-01
2.567121684551239014e-01 8.529332876205444336e-01
2.545026540756225586e-01 8.581081032752990723e-01
2.523045241832733154e-01 8.633115291595458984e-01
2.501178383827209473e-01 8.685435652732849121e-01
2.479427158832550049e-01 8.738047480583190918e-01
2.457791119813919067e-01 8.790936470031738281e-01
2.436274439096450806e-01 8.844114542007446289e-01
2.414880394935607910e-01 8.897573351860046387e-01
2.393609136343002319e-01 8.951313495635986328e-01
2.372464984655380249e-01 9.005330801010131836e-01
2.351452410221099854e-01 9.059620499610900879e-01
2.330576181411743164e-01 9.114177227020263672e-01
2.309841364622116089e-01 9.168995022773742676e-01
2.289253324270248413e-01 9.224067330360412598e-01
2.268817722797393799e-01 9.279386401176452637e-01
2.248540669679641724e-01 9.334945082664489746e-01
2.228428423404693604e-01 9.390734434127807617e-01
2.208487391471862793e-01 9.446745514869689941e-01
2.188724726438522339e-01 9.502969384193420410e-01
2.169147580862045288e-01 9.559395313262939453e-01
2.149763405323028564e-01 9.616011977195739746e-01
2.130582928657531738e-01 9.672814607620239258e-01
2.111643552780151367e-01 9.729745984077453613e-01
2.092972993850708008e-01 9.786784648895263672e-01
2.074556797742843628e-01 9.843945503234863281e-01
2.056380212306976318e-01 9.901243448257446289e-01
2.038428187370300293e-01 9.958693385124206543e-01
2.020684927701950073e-01 1.001631140708923340e+00
2.003134787082672119e-01 1.007411122322082520e+00
1.985761523246765137e-01 1.013211011886596680e+00
1.968548595905303955e-01 1.019032001495361328e+00
1.951479166746139526e-01 1.024875879287719727e+00
1.934535801410675049e-01 1.030743956565856934e+00
1.917701065540313721e-01 1.036637783050537109e+00
1.900956779718399048e-01 1.042558789253234863e+00
1.884284913539886475e-01 1.048508524894714355e+00
1.867666691541671753e-01 1.054488420486450195e+00
1.851083040237426758e-01 1.060499906539916992e+00
1.834514737129211426e-01 1.066544651985168457e+00
1.817941963672637939e-01 1.072623848915100098e+00
1.801344752311706543e-01 1.078739166259765625e+00
1.784702688455581665e-01 1.084891915321350098e+00
1.767995059490203857e-01 1.091083645820617676e+00
1.751200556755065918e-01 1.097315788269042969e+00
1.734297871589660645e-01 1.103589653968811035e+00
1.717265248298645020e-01 1.109906911849975586e+00
1.700080484151840210e-01 1.116268873214721680e+00
1.682721078395843506e-01 1.122676849365234375e+00
1.665164232254028320e-01 1.129132509231567383e+00
1.647386550903320312e-01 1.135637164115905762e+00
1.629364639520645142e-01 1.142192125320434570e+00
1.611074656248092651e-01 1.148798942565917969e+00
1.592492163181304932e-01 1.155459165573120117e+00
1.573592722415924072e-01 1.162173867225646973e+00
1.554351300001144409e-01 1.168944597244262695e+00
1.534742563962936401e-01 1.175772905349731445e+00
