5.482977628707885742e-01 3.867682218551635742e-01
5.438858866691589355e-01 3.938370347023010254e-01
5.395044684410095215e-01 4.008297920227050781e-01
5.351535081863403320e-01 4.077464938163757324e-01
5.308332443237304688e-01 4.145869612693786621e-01
5.265437364578247070e-01 4.213511645793914795e-01
5.222851634025573730e-01 4.280388951301574707e-01
5.180577039718627930e-01 4.346502125263214111e-01
5.138614177703857422e-01 4.411849975585937500e-01
5.096964836120605469e-01 4.476432502269744873e-01
5.055630803108215332e-01 4.540248811244964600e-01
5.014612674713134766e-01 4.603299498558044434e-01
4.973911643028259277e-01 4.665584266185760498e-01
4.933529496192932129e-01 4.727104008197784424e-01
4.893467128276824951e-01 4.787859022617340088e-01
4.853726029396057129e-01 4.847849607467651367e-01
4.814306795597076416e-01 4.907077252864837646e-01
4.775210916996002197e-01 4.965542554855346680e-01
4.736439287662506104e-01 5.023247003555297852e-01
4.697993397712707520e-01 5.080192089080810547e-01
4.659874141216278076e-01 5.136378407478332520e-01
4.622082412242889404e-01 5.191808342933654785e-01
4.584619402885437012e-01 5.246483683586120605e-01
4.547453224658966064e-01 5.300405025482177734e-01
4.510539174079895020e-01 5.353560447692871094e-01
4.473880529403686523e-01 5.405980944633483887e-01
4.437483549118041992e-01 5.457692146301269531e-01
4.401353597640991211e-01 5.508719086647033691e-01
4.365497231483459473e-01 5.559085607528686523e-01
4.329919815063476562e-01 5.608817934989929199e-01
4.294625818729400635e-01 5.657939314842224121e-01
4.259620308876037598e-01 5.706474781036376953e-01
4.224907159805297852e-01 5.754448175430297852e-01
4.190489947795867920e-01 5.801883935928344727e-01
4.156372547149658203e-01 5.848805904388427734e-01
4.122557640075683594e-01 5.895238518714904785e-01
4.089047908782958984e-01 5.941204428672790527e-01
4.055846333503723145e-01 5.986727476119995117e-01
4.022953510284423828e-01 6.031831502914428711e-01
3.990371823310852051e-01 6.076539158821105957e-01
3.958101868629455566e-01 6.120873689651489258e-01
3.926144540309906006e-01 6.164858937263488770e-01
3.894499838352203369e-01 6.208516955375671387e-01
3.863168060779571533e-01 6.251870393753051758e-01
3.832148611545562744e-01 6.294941902160644531e-01
3.801440894603729248e-01 6.337754130363464355e-01
3.771043121814727783e-01 6.380329132080078125e-01
3.740953803062438965e-01 6.422688961029052734e-01
3.711171448230743408e-01 6.464855074882507324e-01
3.681693077087402344e-01 6.506850719451904297e-01
3.652515411376953125e-01 6.548696160316467285e-01
3.623636364936828613e-01 6.590413451194763184e-01
3.595052063465118408e-01 6.632024049758911133e-01
3.566758036613464355e-01 6.673549413681030273e-01
3.538750410079956055e-01 6.715010404586791992e-01
3.511024117469787598e-01 6.756427884101867676e-01
3.483574092388153076e-01 6.797823309898376465e-01
3.456394970417022705e-01 6.839216351509094238e-01
3.429480791091918945e-01 6.880627870559692383e-01
3.402825295925140381e-01 6.922079324722290039e-01
3.376421630382537842e-01 6.963589191436767578e-01
3.350262939929962158e-01 7.005178928375244141e-01
3.324341773986816406e-01 7.046867609024047852e-01
3.298650085926055908e-01 7.088676095008850098e-01
3.273179531097412109e-01 7.130623459815979004e-01
3.247921764850616455e-01 7.172728776931762695e-01
3.222867846488952637e-01 7.215012311935424805e-01
3.198007941246032715e-01 7.257493138313293457e-01
3.173332810401916504e-01 7.300189733505249023e-01
3.148832023143768311e-01 7.343121767044067383e-01
3.124495148658752441e-01 7.386307716369628906e-01
3.100310862064361572e-01 7.429766058921813965e-01
3.076267838478088379e-01 7.473515868186950684e-01
3.052355051040649414e-01 7.517575025558471680e-01
3.028559684753417969e-01 7.561962604522705078e-01
3.004869520664215088e-01 7.606695890426635742e-01
2.981271445751190186e-01 7.651792764663696289e-01
2.957752346992492676e-01 7.697271704673767090e-01
2.934298813343048096e-01 7.743149995803833008e-01
2.910896241664886475e-01 7.789445519447326660e-01
2.887530624866485596e-01 7.836174964904785156e-01
2.864187061786651611e-01 7.883356213569641113e-01
2.840850055217742920e-01 7.931006550788879395e-01
2.817504405975341797e-01 7.979142069816589355e-01
2.794192731380462646e-01 8.027685880661010742e-01
2.770996093750000000e-01 8.076529502868652344e-01
2.747905850410461426e-01 8.125672936439514160e-01
2.724923193454742432e-01 8.175114393234252930e-01
2.702048718929290771e-01 8.224850296974182129e-01
2.679283618927001953e-01 8.274877667427062988e-01
2.656628489494323730e-01 8.325194716453552246e-01
2.634083926677703857e-01 8.375800251960754395e-01
2.611650824546813965e-01 8.426691889762878418e-01
2.589329779148101807e-01 8.477869629859924316e-01
2.567121684551239014e-01 8.529332876205444336e-01
2.545026540756225586e-01 8.581081032752990723e-01
2.523045241832733154e-01 8.633115291595458984e-01
2.501178383827209473e-01 8.685435652732849121e-01
2.479427158832550049e-01 8.738047480583190918e-01
2.457791119813919067e-01 8.790936470031738281e-01
2.436274439096450806e-01 8.844114542007446289e-01
2.414880394935607910e-01 8.897573351860046387e-01
2.393609136343002319e-01 8.951313495635986328e-01
2.372464984655380249e-01 9.005330801010131836e-01
2.351452410221099854e-01 9.059620499610900879e-01
2.330576181411743164e-01 9.114177227020263672e-01
2.309841364622116089e-01 9.168995022773742676e-01
2.289253324270248413e-01 9.224067330360412598e-01
2.268817722797393799e-01 9.279386401176452637e-01
2.248540669679641724e-01 9.334945082664489746e-01
2.228428423404693604e-01 9.390734434127807617e-01
2.208487391471862793e-01 9.446745514869689941e-01
2.188724726438522339e-01 9.502969384193420410e-01
2.169147580862045288e-01 9.559395313262939453e-01
2.149763405323028564e-01 9.616011977195739746e-01
2.130582928657531738e-01 9.672814607620239258e-01
2.111643552780151367e-01 9.729745984077453613e-01
2.092972993850708008e-01 9.786784648895263672e-01
2.074556797742843628e-01 9.843945503234863281e-01
2.056380212306976318e-01 9.901243448257446289e-01
2.038428187370300293e-01 9.958693385124206543e-01
2.020684927701950073e-01 1.001631140708923340e+00
2.003134787082672119e-01 1.007411122322082520e+00
1.985761523246765137e-01 1.013211011886596680e+00
1.968548595905303955e-01 1.019032001495361328e+00
1.951479166746139526e-01 1.024875879287719727e+00
1.934535801410675049e-01 1.030743956565856934e+00
1.917701065540313721e-01 1.036637783050537109e+00
1.900956779718399048e-01 1.042558789253234863e+00
1.884284913539886475e-01 1.048508524894714355e+00
1.867666691541671753e-01 1.054488420486450195e+00
1.851083040237426758e-01 1.060499906539916992e+00
1.834514737129211426e-01 1.066544651985168457e+00
1.817941963672637939e-01 1.072623848915100098e+00
1.801344752311706543e-01 1.078739166259765625e+00
1.784702688455581665e-01 1.084891915321350098e+00
1.767995059490203857e-01 1.091083645820617676e+00
1.751200556755065918e-01 1.097315788269042969e+00
1.734297871589660645e-01 1.103589653968811035e+00
1.717265248298645020e-01 1.109906911849975586e+00
1.700080484151840210e-01 1.116268873214721680e+00
1.682721078395843506e-01 1.122676849365234375e+00
1.665164232254028320e-01 1.129132509231567383e+00
1.647386550903320312e-01 1.135637164115905762e+00
1.629364639520645142e-01 1.142192125320434570e+00
1.611074656248092651e-01 1.148798942565917969e+00
1.592492163181304932e-01 1.155459165573120117e+00
1.573592722415924072e-01 1.162173867225646973e+00
1.554351300001144409e-01 1.168944597244262695e+00
1.534742563962936401e-01 1.175772905349731445e+00
1.514740884304046631e-01 1.182659983634948730e+00
1.494320333003997803e-01 1.189607262611389160e+00
1.473454535007476807e-01 1.196616172790527344e+00
1.452116668224334717e-01 1.203688144683837891e+00
1.430279910564422607e-01 1.210824370384216309e+00
1.407916545867919922e-01 1.218026518821716309e+00
1.385000795125961304e-01 1.225296258926391602e+00
1.361557245254516602e-01 1.232628107070922852e+00
1.337620019912719727e-01 1.240019440650939941e+00
1.313190758228302002e-01 1.247470617294311523e+00
1.288270950317382812e-01 1.254982471466064453e+00
1.262862235307693481e-01 1.262555480003356934e+00
1.236966475844383240e-01 1.270190238952636719e+00
1.210585162043571472e-01 1.277887105941772461e+00
1.183720082044601440e-01 1.285646915435791016e+00
1.156373172998428345e-01 1.293469786643981934e+00
1.128546223044395447e-01 1.301356554031372070e+00
1.100241094827651978e-01 1.309307456016540527e+00
1.071459501981735229e-01 1.317323088645935059e+00
1.042203530669212341e-01 1.325403809547424316e+00
1.012475043535232544e-01 1.333550214767456055e+00
9.822760522365570068e-02 1.341762661933898926e+00
9.516083449125289917e-02 1.350041508674621582e+00
9.204743802547454834e-02 1.358387112617492676e+00
8.888759464025497437e-02 1.366799950599670410e+00
8.568152785301208496e-02 1.375280380249023438e+00
8.242943882942199707e-02 1.383828759193420410e+00
7.913155853748321533e-02 1.392445325851440430e+00
7.578808814287185669e-02 1.401130437850952148e+00
7.239927351474761963e-02 1.409884452819824219e+00
6.896532326936721802e-02 1.418707728385925293e+00
6.548644602298736572e-02 1.427600502967834473e+00
6.196293234825134277e-02 1.436562895774841309e+00
5.839498341083526611e-02 1.445595264434814453e+00
5.478284507989883423e-02 1.454697847366333008e+00
5.112675577402114868e-02 1.463871002197265625e+00
4.742695391178131104e-02 1.473114609718322754e+00
4.368370771408081055e-02 1.482429265975952148e+00
3.989725559949874878e-02 1.491814851760864258e+00
3.606785833835601807e-02 1.501271605491638184e+00
3.219573944807052612e-02 1.510799765586853027e+00
2.828121185302734375e-02 1.520399451255798340e+00
2.432452142238616943e-02 1.530070662498474121e+00
2.032594382762908936e-02 1.539813518524169922e+00
1.628574728965759277e-02 1.549628376960754395e+00
1.220418512821197510e-02 1.559514999389648438e+00
8.081555366516113281e-03 1.569473624229431152e+00
3.918126225471496582e-03 1.579504251480102539e+00
-2.858340740203857422e-04 1.589607000350952148e+00
